Category: All categories

Week,Agoda: (Thailand)
2021-01-03,46
2021-01-10,27
2021-01-17,31
2021-01-24,33
2021-01-31,36
2021-02-07,44
2021-02-14,43
2021-02-21,58
2021-02-28,52
2021-03-07,47
2021-03-14,72
2021-03-21,70
2021-03-28,90
2021-04-04,100
2021-04-11,57
2021-04-18,39
2021-04-25,30
2021-05-02,23
2021-05-09,17
2021-05-16,30
2021-05-23,19
2021-05-30,20
2021-06-06,36
2021-06-13,20
2021-06-20,25
2021-06-27,25
2021-07-04,33
2021-07-11,18
2021-07-18,20
2021-07-25,22
2021-08-01,17
2021-08-08,4
2021-08-15,13
2021-08-22,19
2021-08-29,24
2021-09-05,31
2021-09-12,33
2021-09-19,41
2021-09-26,25
2021-10-03,85
2021-10-10,88
2021-10-17,70
2021-10-24,59
2021-10-31,70
2021-11-07,71
2021-11-14,76
2021-11-21,79
2021-11-28,77
2021-12-05,85
2021-12-12,91
2021-12-19,71
2021-12-26,82
